0 0.111719 0.817361 0.053125 0.106944
0 0.238672 0.759722 0.025781 0.061111
0 0.216797 0.714583 0.017969 0.037500
0 0.151953 0.681944 0.013281 0.027778
0 0.099219 0.659028 0.010937 0.023611
0 0.868750 0.700000 0.012500 0.030556
0 0.743359 0.715972 0.011719 0.029167
0 0.939844 0.681250 0.007812 0.020833
1 0.900000 0.719444 0.018750 0.038889
0 0.980469 0.913194 0.039062 0.154167
1 0.712109 0.735417 0.019531 0.040278
1 0.693750 0.809028 0.039062 0.079167
1 0.427734 0.727083 0.014844 0.034722
1 0.366797 0.713889 0.010156 0.027778
1 0.601953 0.731250 0.010156 0.029167
